***** SKANDINÁV LOTTO *****
Adatszerkezet:
['1999', '41', '', '0', '0 Ft', '55', '158 537 Ft', '2745', '3 177 Ft', '44102', '527 Ft', '7', '8', '13', '16', '20', '25', '31', '12', '14', '18', '24', '31', '34', '35']
A számok:
['7', '8', '13', '16', '20', '25', '31', '12', '14', '18', '24', '31', '34', '35']
Összes sorsolás:  1141
Statisztika:
  0)   0   0   0   0   0   0   0   0   0   0   0   0   0   0   0 
  1) 232   0   0   0   0   0   0 230   0   0   0   0   0   0   0 
  2) 200  39   0   0   0   0   0 179  27   0   0   0   0   0   0 
  3) 146  83   4   0   0   0   0 149  60   4   0   0   0   0   0 
  4) 124  84  22   1   0   0   0 129  80   8   1   0   0   0   0 
  5) 112  94  26   3   0   0   0  99 109  27   2   0   0   0   0 
  6)  84 113  34   4   1   0   0  89 107  38   7   0   0   0   0 
  7)  54 102  45  12   1   0   0  69 105  56   8   2   0   0   0 
  8)  42  90  63  12   2   0   0  40 110  70  18   1   0   0   0 
  9)  40  73  73  23   4   1   0  36  89  86  20   4   0   0   0 
 10)  25  85  72  29  10   0   0  29  82  79  27   5   1   0   0 
 11)  25  79  77  40   3   0   0  19  68 102  46   8   2   0   0 
 12)  15  60  88  52  15   2   0  18  53  71  44  18   0   0   0 
 13)  10  49  95  55  19   3   0  13  47  82  70  17   2   0   0 
 14)   8  35  83  77  33   5   1  18  45  67  73  26   9   0   0 
 15)   6  29  72  71  35   7   1   7  35  72  69  26   8   0   0 
 16)   5  34  62  81  45   7   1   6  27  71  72  52  10   0   0 
 17)   3  29  60  70  31  18   1   5  16  56  69  44  12   3   0 
 18)   6  14  56  70  48  17   0   2  29  47  80  69  12   2   0 
 19)   2  23  65  85  65  19   5   3  17  42  72  69  18   3   0 
 20)   2   7  28  73  79  32   5   0  12  38  75  57  27   4   0 
 21)   0   6  36  68  76  35   3   1   8  29  66  68  48   8   0 
 22)   0   6  19  61  72  47   4   0   7  26  62  85  46  10   0 
 23)   0   2  19  53  79  53  17   0   4  26  53  89  50  12   0 
 24)   0   4  16  54  91  53  16   0   2  19  58  67  61  22   0 
 25)   0   0  12  47  87  62  29   0   1  12  43  82  76  27   0 
 26)   0   0   4  30  70 100  27   0   1   6  35  83  88  26   0 
 27)   0   1   5  29  79  88  39   0   0   5  20  56  81  37   0 
 28)   0   0   2  10  53 110  51   0   0   2  21  66 106  61   0 
 29)   0   0   3  18  48 100  62   0   0   0  14  52  91  67   0 
 30)   0   0   0   8  39  99  85   0   0   0   8  46 102  83   0 
 31)   0   0   0   5  30  88 111   0   0   0   7  25  92 110   0 
 32)   0   0   0   0  24  91 125   0   0   0   1  18  86 112   0 
 33)   0   0   0   0   2  63 143   0   0   0   0   6  72 153   0 
 34)   0   0   0   0   0  41 198   0   0   0   0   0  41 177   0 
 35)   0   0   0   0   0   0 217   0   0   0   0   0   0 224   0 
